mU<-c(1.061709,3.210565,1.77681,3.281284,2.469445,2.144545,2.350997,
      2.779661,3.244792,2.137791,2.657981,1.677638,2.874815,3.335128,
      2.989471,2.125333,3.798509,3.012743,2.643193,2.274206,1.280741,
      3.701548,2.430209,1.945372,1.850314,3.811536,3.601318,3.021854,
      2.729179,1.727516,2.371702,2.001252,3.097816,1.397006,3.941028,
      2.964247,2.437064,2.3913,2.440473,1.347563,3.146934,3.643162,
      2.154472,2.865161,2.652806,3.25807,1.435545,2.430308,2.170264,
      1.999702)

mV<-c(2.35204,3.506844,3.189421,2.493732,2.134633,2.679781,2.729651,
      2.068499,2.846993,2.718206,2.631075,2.202674,3.077928,2.973591,
      2.812183,2.740483,2.641693,2.349132,1.522617,2.066646,2.677329,
      3.083088,2.207105,2.043703,2.534101,2.595247,2.996002,2.084673,
      2.432853,2.430694,1.524143,2.683691,2.217597,2.787124,2.092163,
      2.456156,2.640502,2.760555,2.304707,2.146279,1.588376,3.461088,
      3.444369,2.645369,2.304304,2.173227,2.399274,2.125646,2.02643,
      2.129901)
