periodo<-c(10.2,10.14,10.22,9.83,10.14,9.74,9.78,9.65,10.11,9.52,
           10.41,10.06,10.38,10.45,9.51,10,10.7,10.24,9.91,10.49,
           10.78,10.59,10.54,10.38,9.77,10.32,10.02,10.22,10.07,
           9.96,9.4,9.94,10.27,10.43,10.51,10.24,9.7,10.13,10.12,
           10.17,10.71,9.98,9.89,10.33,9.94,10.46,10.25,10.11,
           10.58,10.02,9.67,9.93,10.36,10.34,9.42,10.49,9.23,10.39,
           9.81,10.18,9.94,9.82,9.99,9.79,10.14,9.93,9.95,10.52,
           9.2,10.31,10.85,9.95,9.52,9.81,9.91,9.82,9.79,10.42,
           9.79,10.18,9.53,10.49,10.67,9.87,11.05,9.61,9.5,10.18,
           9.68,10.83,9.9,10.09,10.62,10.2,10.13,9.34,10.21,9.85,
           10.22,9.95)

